454774 -0.33 0.762 0.0597 0.0087 0.254 0.0622 0.0208 0.529 
454777 -0.31 0.841 0.0595 0.0087 0.256 0.0620 0.0256 0.638 
454778 -0.32 0.765 0.0591 0.0082 0.243 0.0626 0.0208 0.529 
454782 -0.30 0.757 0.0589 0.0080 0.238 0.0645 0.0205 0.526 
454783 -0.30 0.789 0.0592 0.0083 0.245 0.0623 0.0215 0.546 
454784 -0.34 1.000 0.0651 0.0157 0.418 0.0644 0.1000 1.000 
454785 -0.31 0.896 0.0595 0.0083 0.246 0.0627 0.0229 0.577 
454786 -0.24 1.000 0.0613 0.0101 0.288 0.0714 0.0551 1.000 
454789 -0.30 1.000 0.0611 0.0093 0.270 0.0677 0.0612 1.000 
454794 -0.36 1.000 0.0627 0.0110 0.309 0.0414 0.0504 1.000 
454797 -0.36 0.696 0.0598 0.0085 0.250 0.0644 0.0217 0.551 
454798 -0.32 0.832 0.0617 0.0092 0.268 0.0599 0.0230 0.577 
454799 -0.32 0.684 0.0598 0.0081 0.243 0.0641 0.0210 0.535 
454800 -0.32 0.725 0.0598 0.0083 0.246 0.0633 0.0205 0.524 
454802 -0.34 0.716 0.0601 0.0083 0.247 0.0641 0.0209 0.533 
454808 -0.33 0.687 0.0598 0.0082 0.243 0.0640 0.0210 0.535 
454809 -0.34 0.682 0.0596 0.0080 0.240 0.0638 0.0214 0.543 
454810 -0.31 0.690 0.0590 0.0080 0.238 0.0653 0.0206 0.529 
454811 -0.33 0.715 0.0590 0.0081 0.241 0.0638 0.0207 0.529 
454933 -0.34 0.916 0.0618 0.0093 0.272 0.0672 0.0302 0.746 
454934 -0.36 0.656 0.0609 0.0089 0.260 0.0662 0.0237 0.598 
454935 -0.33 0.708 0.0604 0.0084 0.249 0.0649 0.0221 0.562 
454936 -0.35 0.668 0.0601 0.0084 0.248 0.0654 0.0220 0.560 
454937 -0.36 0.731 0.0600 0.0083 0.247 0.0645 0.0218 0.554 
454943 -0.30 0.746 0.0615 0.0091 0.265 0.0638 0.0217 0.550 
454944 -0.34 0.679 0.0604 0.0084 0.250 0.0660 0.0220 0.559 
454945 -0.34 0.690 0.0602 0.0084 0.250 0.0631 0.0215 0.546 
454946 -0.33 0.696 0.0601 0.0084 0.248 0.0651 0.0213 0.543 
454947 -0.34 0.706 0.0599 0.0083 0.245 0.0638 0.0212 0.541 
454948 -0.27 0.800 0.0598 0.0083 0.246 0.0641 0.0219 0.555 
455049 -0.34 0.727 0.0613 0.0088 0.258 0.0629 0.0227 0.573 
455050 -0.37 0.674 0.0604 0.0086 0.254 0.0638 0.0227 0.574 
455051 -0.34 0.676 0.0600 0.0082 0.245 0.0644 0.0219 0.555 
455052 -0.36 0.699 0.0599 0.0085 0.250 0.0649 0.0211 0.539 
455053 -0.23 0.943 0.0611 0.0089 0.260 0.0635 0.0267 0.663 
455056 -0.35 0.713 0.0614 0.0090 0.264 0.0656 0.0217 0.552 
455060 -0.35 0.714 0.0610 0.0088 0.258 0.0642 0.0215 0.547 
455071 -0.34 0.770 0.0611 0.0090 0.262 0.0652 0.0220 0.560 
455073 -0.35 0.966 0.0629 0.0097 0.282 0.0594 0.0300 0.734 
455074 -0.33 0.754 0.0618 0.0090 0.263 0.0650 0.0231 0.584 
455077 -0.32 0.780 0.0608 0.0089 0.261 0.0650 0.0217 0.552 
455078 -0.35 0.692 0.0602 0.0086 0.253 0.0656 0.0218 0.554 
455080 -0.25 0.825 0.0605 0.0088 0.258 0.0651 0.0234 0.591 
455081 -0.33 0.715 0.0601 0.0084 0.249 0.0628 0.0214 0.544 
455082 -0.31 0.725 0.0600 0.0083 0.246 0.0651 0.0206 0.528 
455083 -0.29 1.000 0.0617 0.0100 0.287 0.0100 0.0550 1.000 
455200 -0.34 0.730 0.0605 0.0088 0.259 0.0674 0.0238 0.603 
455201 -0.35 0.695 0.0605 0.0086 0.253 0.0647 0.0220 0.559 
455202 -0.35 0.693 0.0600 0.0084 0.248 0.0646 0.0213 0.543 
455203 -0.32 0.721 0.0602 0.0084 0.248 0.0654 0.0216 0.550 
455206 -0.35 0.679 0.0614 0.0090 0.264 0.0665 0.0245 0.616 
455207 -0.35 0.698 0.0608 0.0087 0.256 0.0644 0.0235 0.592 
455208 -0.33 0.722 0.0608 0.0089 0.262 0.0637 0.0227 0.573 
455209 -0.34 0.677 0.0609 0.0088 0.258 0.0655 0.0230 0.583 
455211 -0.33 0.735 0.0609 0.0087 0.257 0.0639 0.0226 0.571 
455212 -0.25 0.947 0.0618 0.0097 0.280 0.0243 0.0390 0.900 
455213 -0.35 0.859 0.0612 0.0088 0.259 0.0618 0.0297 0.729 
455218 -0.34 0.749 0.0631 0.0093 0.271 0.0646 0.0223 0.566 
455220 -0.34 0.711 0.0612 0.0087 0.256 0.0657 0.0222 0.564 
455221 -0.34 0.732 0.0612 0.0087 0.256 0.0663 0.0217 0.554 
455222 -0.34 0.788 0.0616 0.0090 0.264 0.0617 0.0225 0.567 
455223 -0.34 0.751 0.0607 0.0086 0.254 0.0652 0.0211 0.539 
455224 0.00 0.200 0.0600 0.0100 0.285 0.0600 0.0100 0.285 
455302 -0.34 0.713 0.0617 0.0090 0.265 0.0676 0.0225 0.573 
455303 -0.35 0.679 0.0610 0.0088 0.258 0.0651 0.0234 0.590 
455304 -0.32 0.727 0.0612 0.0085 0.253 0.0639 0.0226 0.572 
455306 -0.28 0.965 0.0627 0.0103 0.293 0.0400 0.0385 0.904 
455344 0.00 0.200 0.0600 0.0100 0.285 0.0600 0.0100 0.285 
455346 0.00 0.200 0.0600 0.0100 0.285 0.0600 0.0100 0.285 
455351 -0.33 0.782 0.0616 0.0091 0.265 0.0638 0.0237 0.596 
455352 0.57 0.844 0.0621 0.0090 0.263 0.1000 0.1000 1.000 
455353 -0.30 0.776 0.0612 0.0090 0.263 0.0637 0.0242 0.606 
455355 -0.34 0.708 0.0603 0.0084 0.248 0.0657 0.0226 0.573 
455362 -0.35 0.729 0.0625 0.0093 0.272 0.0650 0.0239 0.601 
455363 -0.35 0.696 0.0622 0.0093 0.271 0.0674 0.0237 0.599 
455364 -0.34 0.673 0.0615 0.0090 0.264 0.0674 0.0241 0.609 
455366 -0.34 0.702 0.0608 0.0084 0.250 0.0656 0.0222 0.564 
455367 -0.29 0.972 0.0610 0.0091 0.266 0.0460 0.0419 0.986 
455446 -0.31 0.782 0.0623 0.0093 0.272 0.0652 0.0273 0.679 
455449 0.00 0.200 0.0600 0.0100 0.285 0.0600 0.0100 0.285 
455450 -0.33 0.667 0.0608 0.0086 0.255 0.0663 0.0240 0.606 
455451 -0.35 0.667 0.0609 0.0088 0.257 0.0656 0.0227 0.575 
455452 -0.25 0.837 0.0608 0.0089 0.261 0.0664 0.0242 0.611 
455476 -0.34 0.719 0.0617 0.0088 0.260 0.0643 0.0222 0.562 
455477 -0.36 0.714 0.0611 0.0089 0.260 0.0664 0.0234 0.591 
455478 -0.36 0.678 0.0611 0.0088 0.259 0.0666 0.0237 0.598 
455545 -0.33 0.719 0.0615 0.0090 0.265 0.0660 0.0235 0.594 
455547 -0.35 0.696 0.0609 0.0088 0.258 0.0660 0.0222 0.564 
455550 -0.32 0.852 0.0620 0.0096 0.278 0.0686 0.0225 0.575 
455551 -0.31 0.808 0.0613 0.0087 0.257 0.0624 0.0240 0.602 
455552 -0.31 0.760 0.0612 0.0087 0.256 0.0633 0.0226 0.570 
455585 -0.36 0.715 0.0633 0.0097 0.281 0.0685 0.0263 0.659 
455586 -0.33 0.741 0.0628 0.0095 0.276 0.0672 0.0256 0.642 
455587 -0.33 0.840 0.0624 0.0089 0.263 0.0532 0.0365 0.872 
455589 -0.27 0.855 0.0631 0.0100 0.287 0.0723 0.0324 0.799 
455590 -0.36 0.680 0.0623 0.0094 0.273 0.0679 0.0250 0.629 
455592 -0.33 0.905 0.0615 0.0095 0.274 0.0648 0.0303 0.744 
455604 -0.33 0.718 0.0608 0.0087 0.256 0.0667 0.0223 0.568 
455605 -0.32 0.732 0.0607 0.0085 0.252 0.0638 0.0228 0.576 
455637 -0.27 1.000 0.0644 0.0111 0.313 0.0100 0.0604 1.000 
455638 -0.33 0.724 0.0630 0.0095 0.277 0.0666 0.0252 0.633 
455639 -0.35 0.792 0.0643 0.0097 0.282 0.0623 0.0255 0.635 
